% Generated using GBSolver generator Copyright Martin Bujnak,
% Zuzana Kukelova, Tomas Pajdla CTU Prague 2008.
% 
% Please refer to the following paper, when using this code :
%     Kukelova Z., Bujnak M., Pajdla T., Automatic Generator of Minimal Problem Solvers,
%     ECCV 2008, Marseille, France, October 12-18, 2008

function [a, b, c, d, z] = solver_groebner_test_1(M011)

	% precalculate polynomial equations coefficients
	c(1) = 4*M011(11) + 4*M011(29) - 4*M011(21) - 4*M011(57) - 4*M011(13) - 4*M011(31) + 4*M011(51) + 4*M011(69) + 4*M011(25) + 4*M011(61) - 4*M011(53) - 4*M011(71);
	c(2) = 4*M011(46) + 4*M011(64) - 4*M011(20) + 4*M011(56) - 4*M011(12) + 4*M011(30) + 4*M011(22) - 4*M011(58) + 4*M011(50) + 4*M011(68) + 4*M011(16) - 4*M011(34) + 4*M011(54) + 4*M011(72);
	c(3) = 4*M011(19) + 4*M011(55) + 4*M011(47) - 4*M011(65) - 4*M011(49) + 4*M011(67) + 4*M011(23) + 4*M011(59) + 4*M011(15) - 4*M011(33) - 4*M011(17) + 4*M011(35) + 4*M011(27) + 4*M011(63);
	c(4) = 4*M011(10) + 4*M011(28) - 4*M011(48) + 4*M011(66) + 4*M011(14) + 4*M011(32) - 4*M011(24) + 4*M011(60) + 4*M011(52) - 4*M011(70) + 4*M011(26) - 4*M011(62) + 4*M011(18) + 4*M011(36);
	c(5) = 2*M011(74) - 2*M011(38) - 2*M011(2) + 2*M011(4) + 2*M011(40) - 2*M011(76);
	c(6) = 2*M011(3) - 2*M011(39) + 2*M011(75) - 2*M011(7) + 2*M011(43) - 2*M011(79);
	c(7) = 2*M011(6) - 2*M011(42) - 2*M011(78) - 2*M011(8) + 2*M011(44) + 2*M011(80);
	c(8) = 2*M011(1) + 2*M011(37) + 2*M011(73) + 2*M011(5) + 2*M011(41) + 2*M011(77) + 2*M011(9) + 2*M011(45) + 2*M011(81);
	c(9) = 2*M011(38) - 2*M011(2) - 2*M011(74) - 4*M011(48) - 4*M011(66) + 2*M011(4) - 2*M011(40) + 2*M011(76) + 4*M011(52) + 4*M011(70);
	c(10) = 4*M011(47) + 4*M011(65) + 2*M011(3) + 2*M011(39) - 2*M011(75) - 4*M011(49) - 4*M011(67) - 2*M011(7) - 2*M011(43) + 2*M011(79);
	c(11) = 2*M011(2) - 2*M011(38) - 2*M011(74) - 2*M011(4) + 2*M011(40) + 2*M011(76) + 4*M011(24) + 4*M011(60) - 4*M011(26) - 4*M011(62);
	c(12) = 4*M011(20) + 4*M011(56) - 4*M011(22) - 4*M011(58) - 2*M011(6) - 2*M011(42) + 2*M011(78) + 2*M011(8) + 2*M011(44) - 2*M011(80);
	c(13) = 2*M011(39) - 2*M011(3) + 2*M011(75) + 4*M011(15) + 4*M011(33) + 2*M011(7) - 2*M011(43) - 2*M011(79) - 4*M011(17) - 4*M011(35);
	c(14) = 4*M011(10) - 4*M011(28) + 2*M011(2) + 2*M011(38) + 2*M011(74) - 2*M011(4) - 2*M011(40) - 2*M011(76) + 4*M011(14) - 4*M011(32) + 4*M011(18) - 4*M011(36);
	c(15) = 2*M011(42) - 4*M011(30) - 2*M011(6) - 4*M011(12) - 2*M011(78) + 4*M011(16) + 4*M011(34) + 2*M011(8) - 2*M011(44) + 2*M011(80);
	c(16) = 2*M011(73) - 2*M011(37) - 2*M011(1) + 4*M011(11) - 4*M011(29) - 4*M011(13) + 4*M011(31) - 2*M011(5) - 2*M011(41) + 2*M011(77) - 2*M011(9) - 2*M011(45) + 2*M011(81);
	c(17) = 4*M011(55) - 4*M011(19) - 2*M011(3) - 2*M011(39) - 2*M011(75) - 4*M011(23) + 4*M011(59) + 2*M011(7) + 2*M011(43) + 2*M011(79) - 4*M011(27) + 4*M011(63);
	c(18) = 2*M011(37) - 2*M011(1) - 2*M011(73) + 4*M011(21) - 4*M011(57) - 2*M011(5) + 2*M011(41) - 2*M011(77) - 4*M011(25) + 4*M011(61) - 2*M011(9) + 2*M011(45) - 2*M011(81);
	c(19) = 4*M011(46) - 4*M011(64) + 4*M011(50) - 4*M011(68) + 2*M011(6) + 2*M011(42) + 2*M011(78) - 2*M011(8) - 2*M011(44) - 2*M011(80) + 4*M011(54) - 4*M011(72);
	c(20) = 2*M011(1) - 2*M011(37) - 2*M011(73) + 2*M011(5) - 2*M011(41) - 2*M011(77) + 4*M011(51) - 4*M011(69) - 4*M011(53) + 4*M011(71) + 2*M011(9) - 2*M011(45) - 2*M011(81);
	c(21) = 2;
	c(22) = 4*M011(46) + 4*M011(64) + 4*M011(20) + 4*M011(56) + 4*M011(12) + 4*M011(30) + 4*M011(22) + 4*M011(58) - 4*M011(50) - 4*M011(68) + 4*M011(16) + 4*M011(34) - 4*M011(54) - 4*M011(72);
	c(23) = 4*M011(11) - 4*M011(29) - 4*M011(21) + 4*M011(57) + 4*M011(13) - 4*M011(31) + 4*M011(51) + 4*M011(69) - 4*M011(25) + 4*M011(61) - 4*M011(53) - 4*M011(71);
	c(24) = 4*M011(10) - 4*M011(28) + 4*M011(48) - 4*M011(66) - 4*M011(14) + 4*M011(32) + 4*M011(24) + 4*M011(60) + 4*M011(52) - 4*M011(70) - 4*M011(26) - 4*M011(62) - 4*M011(18) + 4*M011(36);
	c(25) = 4*M011(55) - 4*M011(19) + 4*M011(47) - 4*M011(65) + 4*M011(49) - 4*M011(67) + 4*M011(23) - 4*M011(59) + 4*M011(15) + 4*M011(33) - 4*M011(17) - 4*M011(35) + 4*M011(27) - 4*M011(63);
	c(26) = 2*M011(75) - 2*M011(39) - 2*M011(3) - 2*M011(7) - 2*M011(43) + 2*M011(79);
	c(27) = 2*M011(38) - 2*M011(2) - 2*M011(74) - 2*M011(4) + 2*M011(40) - 2*M011(76);
	c(28) = 2*M011(1) - 2*M011(37) - 2*M011(73) - 2*M011(5) + 2*M011(41) + 2*M011(77) - 2*M011(9) + 2*M011(45) + 2*M011(81);
	c(29) = 2*M011(6) + 2*M011(42) + 2*M011(78) - 2*M011(8) - 2*M011(44) - 2*M011(80);
	c(30) = 4*M011(47) + 4*M011(65) - 2*M011(3) + 2*M011(39) - 2*M011(75) + 4*M011(49) + 4*M011(67) - 2*M011(7) + 2*M011(43) - 2*M011(79);
	c(31) = 2*M011(74) - 2*M011(38) - 2*M011(2) + 4*M011(48) + 4*M011(66) - 2*M011(4) - 2*M011(40) + 2*M011(76) + 4*M011(52) + 4*M011(70);
	c(32) = 4*M011(19) + 4*M011(55) + 2*M011(3) - 2*M011(39) - 2*M011(75) - 4*M011(23) - 4*M011(59) + 2*M011(7) - 2*M011(43) - 2*M011(79) - 4*M011(27) - 4*M011(63);
	c(33) = 2*M011(73) - 2*M011(37) - 2*M011(1) + 4*M011(21) + 4*M011(57) + 2*M011(5) + 2*M011(41) - 2*M011(77) + 4*M011(25) + 4*M011(61) + 2*M011(9) + 2*M011(45) - 2*M011(81);
	c(34) = 4*M011(10) + 4*M011(28) + 2*M011(2) - 2*M011(38) - 2*M011(74) + 2*M011(4) - 2*M011(40) - 2*M011(76) - 4*M011(14) - 4*M011(32) - 4*M011(18) - 4*M011(36);
	c(35) = 2*M011(3) + 2*M011(39) + 2*M011(75) + 4*M011(15) - 4*M011(33) + 2*M011(7) + 2*M011(43) + 2*M011(79) - 4*M011(17) + 4*M011(35);
	c(36) = 2*M011(37) - 2*M011(1) - 2*M011(73) + 4*M011(11) + 4*M011(29) + 4*M011(13) + 4*M011(31) + 2*M011(5) - 2*M011(41) + 2*M011(77) + 2*M011(9) - 2*M011(45) + 2*M011(81);
	c(37) = 4*M011(12) - 4*M011(30) - 2*M011(6) - 2*M011(42) + 2*M011(78) + 4*M011(16) - 4*M011(34) + 2*M011(8) + 2*M011(44) - 2*M011(80);
	c(38) = 2*M011(2) + 2*M011(38) + 2*M011(74) + 2*M011(4) + 2*M011(40) + 2*M011(76) - 4*M011(24) + 4*M011(60) + 4*M011(26) - 4*M011(62);
	c(39) = 4*M011(56) - 4*M011(20) - 4*M011(22) + 4*M011(58) - 2*M011(6) + 2*M011(42) - 2*M011(78) + 2*M011(8) - 2*M011(44) + 2*M011(80);
	c(40) = 2*M011(1) + 2*M011(37) + 2*M011(73) - 2*M011(5) - 2*M011(41) - 2*M011(77) + 4*M011(51) - 4*M011(69) - 4*M011(53) + 4*M011(71) - 2*M011(9) - 2*M011(45) - 2*M011(81);
	c(41) = 4*M011(46) - 4*M011(64) - 4*M011(50) + 4*M011(68) + 2*M011(6) - 2*M011(42) - 2*M011(78) - 2*M011(8) + 2*M011(44) + 2*M011(80) - 4*M011(54) + 4*M011(72);
	c(42) = 2;
	c(43) = 4*M011(47) - 4*M011(55) - 4*M011(19) + 4*M011(65) + 4*M011(49) + 4*M011(67) + 4*M011(23) + 4*M011(59) + 4*M011(15) + 4*M011(33) + 4*M011(17) + 4*M011(35) - 4*M011(27) - 4*M011(63);
	c(44) = 4*M011(28) - 4*M011(10) - 4*M011(48) - 4*M011(66) + 4*M011(14) - 4*M011(32) - 4*M011(24) + 4*M011(60) + 4*M011(52) + 4*M011(70) - 4*M011(26) + 4*M011(62) - 4*M011(18) + 4*M011(36);
	c(45) = 4*M011(11) - 4*M011(29) - 4*M011(21) - 4*M011(57) + 4*M011(13) - 4*M011(31) + 4*M011(51) - 4*M011(69) + 4*M011(25) + 4*M011(61) + 4*M011(53) - 4*M011(71);
	c(46) = 4*M011(64) - 4*M011(46) - 4*M011(20) + 4*M011(56) - 4*M011(12) - 4*M011(30) - 4*M011(22) + 4*M011(58) + 4*M011(50) - 4*M011(68) + 4*M011(16) + 4*M011(34) - 4*M011(54) + 4*M011(72);
	c(47) = 2*M011(78) - 2*M011(42) - 2*M011(6) - 2*M011(8) - 2*M011(44) + 2*M011(80);
	c(48) = 2*M011(1) - 2*M011(37) + 2*M011(73) - 2*M011(5) + 2*M011(41) - 2*M011(77) + 2*M011(9) - 2*M011(45) + 2*M011(81);
	c(49) = 2*M011(2) - 2*M011(38) - 2*M011(74) + 2*M011(4) - 2*M011(40) - 2*M011(76);
	c(50) = 2*M011(7) - 2*M011(39) - 2*M011(75) - 2*M011(3) + 2*M011(43) + 2*M011(79);
	c(51) = 4*M011(50) - 4*M011(64) - 4*M011(46) + 4*M011(68) - 2*M011(6) + 2*M011(42) - 2*M011(78) - 2*M011(8) + 2*M011(44) - 2*M011(80) - 4*M011(54) - 4*M011(72);
	c(52) = 2*M011(1) + 2*M011(37) - 2*M011(73) - 2*M011(5) - 2*M011(41) + 2*M011(77) + 4*M011(51) + 4*M011(69) + 4*M011(53) + 4*M011(71) + 2*M011(9) + 2*M011(45) - 2*M011(81);
	c(53) = 4*M011(20) + 4*M011(56) + 4*M011(22) + 4*M011(58) + 2*M011(6) - 2*M011(42) - 2*M011(78) + 2*M011(8) - 2*M011(44) - 2*M011(80);
